260291
260292
260293
260430
260990
261430
261490
261570
261900
262060
262100
262120
262190
262230
262280
262510
262630
262960
263060
263600
263640
263920
263940
263980
264000
264120
264380
265000
265470
265590
265750
265810
265970
266190
266310
266410
266510
266590
266931
267654
267750
267778
267780
267781
267782
267783
267784
267785
267786
267787
267788
268320
268340
268360
268500
268614
268870
268970
269170
269310
269630
269650
269670
269690
269710
269770
269990
270030
270070
270110
270130
270150
270210
270230
270270
270410
270450
270810
270870
270871
270880
270910
271240
271331
271360
271590
271760
271920
271970
271990
272230
272270
272330
272890
272920
273350
273500
273750
273790
273800
273840
273960
274170
274190
274230
274270
274350
274440
274500
274700
274920
274960
275030
275060
275100
275125
275127
275200
275800
275850
276730
276770
276810
277390
277520
277650
277700
277730
277742
277749
277755
277756
277757
277758
277759
277760
277761
277762
277763
277764
277765
277767
277768
277769
277770
277771
277773
277774
277776
277777
277778
277821
277950
278150
278190
278210
278420
278440
278510
278550
278570
278590
278810
278910
278970
279070
279140
279640
279720
279740
279800
279900
279940
280010
280160
280180
280360
280520
280600
281200
281610
281640
281940
281990
282050
282140
282210
282514
282515
282516
282560
282590
282620
282640
282660
282780
282860
282900
283040
283060
283080
283160
283541
283640
283811
283812
283813
284160
284220
284240
284260
284410
284441
284680
284810
284910
284990
285070
285740
285820
285920
286160
286280
286570
286750
286790
286940
287140
287290
287600
287700
287840
287900
287920
287960
287980
288000
288100
288140
288220
288260
288420
288460
288930
288940
289760
289780
290000
290060
290080
290140
290300
290340
290490
290530
290650
290790
290870
290890
290930
291010
291090
291410
291470
291472
291650
291750
291770
292030
292050
292330
292500
292600
293160
293220
293240
293260
293280
293460
293520
293600
293760
293800
294000
294040
294060
294100
294120
294190
294260
294590
294600
294730
295087
295088
295089
295090
295091
295092
295093
295094
295095
295096
295097
295098
295099
295110
295162
295173
295174
295177
295178
295181
295182
295183
295184
295188
295191
295192
295193
295197
295198
295199
295200
295201
295202
295203
295204
295205
295206
295590
295670
295690
295910
296010
296030
296280
296300
296490
296550
296710
296810
296830
296870
296890
296970
297000
297060
297070
297080
297130
297142
297270
297450
297641
297642
297643
297644
297660
297720
297740
297810
297920
298030
298050
298220
298240
298360
298420
298560
298630
298641
299090
299250
299340
299360
299380
299460
299480
299580
299600
299680
299800
299910
300060
300080
300120
300160
300200
300260
300280
300340
300400
300570
300580
300600
300630
300760
300780
301050
301120
301210
301500
301560
301640
301650
301860
301910
301920
301930
302020
302030
302670
302810
303210
303260
303290
303310
303550
303720
304030
304050
304190
304212
304240
304430
304540
304580
304650
304690
304750
304850
304910
304950
305380
305460
305500
305510
305660
305720
305820
305840
305940
306040
306100
306130
306350
306390
306392
306394
306395
306397
306399
306401
306440
306670
306760
306930
307030
307210
307430
307456
307457
307458
307459
307460
307461
307462
307463
307464
307465
307580
307590
307600
307620
307670
307780
307860
307880
308173
308400
308440
308520
308560
309900
310060
310360
310370
310470
310490
310510
310560
310740
310810
310850
310890
310950
311010
311210
311240
311310
311490
311560
311690
311700
311730
311820
311840
311930
311940
312230
312240
312280
312340
312430
312440
312450
312530
312540
312710
312780
312790
312840
312920
312980
313010
313080
313120
313240
313630
313800
313810
314000
314010
314050
314070
314150
314180
314240
314330
314370
314410
314450
314520
314530
314560
314590
314660
314710
314790
314830
314970
315060
315130
315200
315330
315393
315430
315460
315660
315680
315810
315840
315860
316010
316080
316240
316370
316390
316410
316430
316590
316610
316750
316790
316890
316930
316961
316962
316963
316965
316967
317060
317080
317100
317250
317280
317320
317400
317500
317501
317530
317590
317730
317750
317780
317820
317920
317940
318020
318090
318130
318230
318260
318300
318420
318480
318490
318560
318600
318680
318791
318792
318793
318794
318850
318860
318870
318871
318872
318874
318875
318970
319000
319010
319011
319013
319014
319015
319016
319017
319018
319050
319090
319240
319280
319430
319470
319480
319570
319630
319730
319740
319780
319810
319830
319910
320040
320090
320140
320240
320290
320300
320340
320350
320351
320352
320353
320360
320361
320362
320363
320364
320370
320371
320372
320380
320381
320382
320383
320384
320385
320386
320387
320388
320520
320540
320590
320610
320760
320820
320860
320986
320987
320988
320989
321040
321060
321100
321140
321141
321142
321250
321260
321270
321330
321350
321360
321380
321390
321400
321430
321450
321880
321890
321960
321990
322030
322080
322190
322210
322290
322330
322420
322430
322440
322500
322520
322540
322550
322630
322680
322700
322750
322770
322780
322850
322900
322910
322920
322950
322970
323020
323040
323060
323320
323340
323341
323380
323450
323460
323470
323580
323630
323650
323670
323680
323720
323850
323900
323910
324020
324090
324140
324160
324190
324260
324270
324300
324310
324343
324344
324360
324390
324400
324470
324570
324650
324680
324710
324730
324740
324760
324800
324810
325060
325120
325131
325132
325133
325134
325138
325300
325330
325370
325430
325520
325600
325610
325630
325640
325723
325724
325730
325760
325790
325880
325930
325950
325951
325952
325953
325954
325955
325956
325958
325959
325961
325962
325963
325964
325965
325968
325969
325970
325971
325972
325973
325974
325976
325977
325979
325981
325987
325988
325989
325990
325991
325992
325993
325994
326001
326002
326003
326004
326005
326006
326007
326008
326009
326010
326011
326013
326014
326015
326016
326017
326018
326020
326021
326023
326024
326025
326026
326027
326028
326029
326031
326033
326034
326036
326037
326038
326039
326040
326041
326042
326043
326044
326045
326046
326047
326049
326060
326110
326120
326310
326340
326380
326410
326460
326520
326650
326670
326840
326950
327000
327030
327060
327070
327090
327130
327140
327175
327200
327220
327450
327470
327500
327510
327520
327560
327640
327670
327680
327760
327880
327890
327980
328000
328060
328110
328220
328510
328650
328670
328710
328740
328760
328940
329040
329050
329130
329200
329240
329270
329280
329380
329430
329440
329460
329490
329530
329610
329770
329790
329860
329890
329920
329970
329980
330000
330070
330110
330160
330180
330210
330270
330280
330370
330390
330420
330450
330500
330570
330580
330590
330660
330670
330760
330770
330820
330880
331060
331061
331062
331063
331064
331065
331066
331067
331068
331069
331070
331071
331072
331160
331180
331181
331190
331200
331210
331340
331360
331450
331460
331480
331500
331520
331570
331600
331720
331750
331760
331790
331870
331880
331930
331970
332200
332250
332260
332290
332291
332292
332293
332310
332330
332350
332370
332380
332390
332400
332410
332500
332530
332580
332610
332620
332630
332730
332760
332790
332880
332970
333080
333081
333082
333083
333084
333087
333088
333090
333091
333100
333110
333210
333250
333290
333300
333330
333340
333350
333390
333410
333420
333490
333510
333580
333640
333650
333660
333690
333710
333730
333740
333760
333770
333771
333772
333773
333800
333810
333811
333812
333813
333814
333815
333816
333817
333830
333930
333950
333970
333980
334030
334040
334070
334100
334120
334140
334210
334220
334221
334260
334280
334300
334350
334370
334390
334410
334420
334470
334480
334490
334560
334620
334670
334690
334740
334770
334771
334772
334773
334774
334780
334781
334782
334790
334791
334792
334793
334830
334840
334850
334880
334960
335000
335010
335020
335030
335070
335080
335090
335110
335120
335150
335190
335200
335220
335240
335300
335310
335420
335430
335450
335460
335490
335491
335492
335550
335560
335660
335680
335690
335700
335770
335800
335820
335830
335840
335850
335920
335930
335940
335950
335970
335990
335991
336020
336030
336040
336060
336080
336110
336130
336150
336160
336200
336210
336220
336230
336240
336250
336270
336420
336440
336460
336510
336520
336530
336670
336680
336710
336730
336780
336790
336810
336840
336900
337000
337070
337110
337120
337130
337180
337210
337220
337270
337280
337320
337350
337360
337480
337490
337570
337630
337640
337650
337670
337680
337700
337720
337730
337740
337760
337820
337830
337840
337850
337900
337901
337902
337940
337950
337960
337970
337980
338000
338040
338050
338060
338070
338080
338090
338100
338110
338120
338130
338140
338160
338161
338162
338163
338170
338180
338190
338200
338201
338202
338250
338260
338300
338310
338320
338340
338360
338370
338371
338372
338390
338400
338420
338453
338518
338525
338530
338540
338550
338590
338600
338620
338630
338661
338690
338700
338710
338760
338800
338810
338882
338890
338930
338960
338980
339030
339031
339032
339033
339034
339040
339110
339130
339160
339190
339200
339210
339230
339240
339280
339290
339320
339340
339380
339381
339382
339383
339384
339385
339386
339387
339388
339389
339390
339391
339393
339394
339395
339397
339398
339399
339400
339430
339440
339460
339470
339480
339500
339530
339540
339550
339560
339570
339590
339600
339610
339640
339690
339700
339760
339770
339790
339800
339840
339850
339860
339910
340000
340030
340050
340070
340080
340090
340120
340130
340150
340170
340200
340210
340220
340250
340260
340270
340280
340290
340300
340310
340320
340330
340340
340350
340360
340370
340380
340390
340400
340410
340440
340450
340460
340470
340480
340490
340520
340530
340540
340570
340580
340610
340620
340630
340640
340650
340661
340670
340680
340700
340720
340730
340750
340770
340800
340810
340820
340830
340860
340880
340890
340920
340950
340960
340970
340980
340990
341000
341010
341020
341030
341040
341060
341070
341080
341090
341110
341120
341140
341141
341150
341160
341190
341210
341220
341260
341270
341310
341320
341360
341380
341390
341410
341440
341460
341470
341480
341500
341510
341530
341540
341550
341570
341610
341640
341660
341680
341690
341700
341710
341720
341730
341750
341760
341770
341780
341790
341800
341810
341820
341845
341848
341860
341870
341890
341910
341930
341940
341950
341960
341980
341990
342000
342010
342020
342050
342051
342090
342100
342130
342150
342180
342200
342230
342240
342250
342260
342270
342280
342300
342310
342330
342350
342360
342370
342380
342430
342450
342480
342490
342500
342510
342520
342530
342540
342550
342560
342570
342580
342590
342600
342610
342620
342630
342640
342650
342740
342750
342751
342752
342753
342754
342755
342756
342757
342758
342759
342760
342761
342762
342763
342764
342765
342766
342767
342768
342769
342770
342771
342772
342773
342774
342775
342776
342777
342778
342779
342780
342781
342782
342783
342784
342785
342786
342787
342788
342789
342790
342791
342792
342793
342794
342795
342796
342797
342798
342799
342800
342801
342802
342803
342804
342805
342806
342807
342808
342809
342810
342811
342812
342813
342814
342815
342816
342817
342818
342819
342820
342821
342822
342823
342824
342825
342826
342827
342828
342829
342830
342831
342832
342833
342834
342835
342836
342837
342838
342839
342840
342841
342842
342843
342844
342845
342846
342847
342848
342849
342850
342851
342852
342853
342854
342855
342856
342857
342858
342859
342860
342870
342880
342890
342920
342970
342980
342990
343000
343020
343070
343090
343100
343120
343140
343150
343170
343180
343250
343270
343280
343290
343300
343320
343340
343360
343370
343380
343390
343410
343420
343421
343422
343423
343424
343425
343426
343430
343440
343460
343461
343462
343463
343464
343510
343560
343570
343580
343591
343592
343593
343594
343595
343596
343597
343598
343599
343600
343610
343611
343612
343613
343614
343615
343630
343690
343710
343720
343730
343740
343750
343770
343780
343800
343810
343820
343830
343840
343930
343940
343950
343951
343952
343953
343955
343956
343959
343961
343962
343970
343990
344000
344030
344040
344050
344060
344070
344080
344090
344100
344120
344121
344122
344130
344140
344150
344160
344170
344171
344172
344173
344174
344175
344176
344177
344178
344180
344190
344200
344220
344230
344240
344260
344270
344290
344300
344340
344410
344440
344450
344461
344462
344463
344470
344480
344490
344500
344510
344530
344630
344730
344740
344750
344760
344770
344790
344800
344810
344820
344840
344850
344860
344880
344890
344900
344910
344920
344960
344970
345000
345010
345030
345040
345050
345060
345080
345090
345120
345130
345140
345150
345180
345200
345220
345240
345260
345280
345290
345300
345310
345340
345350
345370
345390
345430
345440
345470
345480
345520
345540
345562
345570
345580
345610
345620
345640
345650
345660
345670
345680
345681
345690
345700
345710
345720
345740
345741
345750
345790
345800
345820
345860
345870
345890
345900
345920
345930
345980
345990
346010
346040
346060
346070
346071
346080
346090
346110
346120
346130
346140
346150
346160
346170
346180
346200
346210
346220
346240
346250
346260
346261
346280
346290
346300
346310
346311
346320
346330
346340
346360
346370
346420
346430
346440
346450
346460
346470
346480
346490
346510
346540
346541
346542
346550
346560
346610
346630
346640
346650
346660
346670
346690
346730
346770
346780
346800
346810
346830
346850
346890
346900
346920
346940
346950
346970
346990
347010
347030
347040
347050
347060
347070
347080
347090
347100
347101
347102
347103
347104
347105
347110
347120
347160
347170
347180
347181
347182
347183
347190
347210
347211
347212
347213
347220
347230
347240
347250
347260
347270
347280
347290
347330
347350
347360
347370
347400
347430
347440
347450
347470
347480
347490
347491
347492
347493
347494
347510
347520
347560
347570
347580
347590
347610
347620
347630
347660
347670
347680
347690
347710
347720
347730
347780
347790
347820
347830
347900
347910
347920
347930
347940
347980
347981
347990
348000
348010
348020
348030
348040
348070
348090
348100
348110
348160
348180
348190
348200
348210
348240
348270
348280
348290
348300
348310
348320
348330
348340
348350
348360
348370
348380
348400
348430
348440
348450
348460
348470
348490
348510
348530
348540
348550
348560
348561
348610
348620
348650
348670
348680
348681
348682
348684
348685
348686
348687
348690
348700
348710
348730
348740
348750
348760
348790
348810
348820
348840
348850
348860
348870
348920
348940
348950
348960
348970
348980
348990
349000
349020
349040
349050
349060
349080
349100
349130
349140
349150
349190
349210
349220
349230
349231
349240
349250
349260
349280
349300
349310
349320
349330
349331
349350
349370
349440
349450
349460
349480
349500
349530
349540
349550
349560
349580
349620
349650
349660
349670
349680
349690
349700
349720
349740
349760
349770
349780
349800
349810
349820
349830
349840
349930
349931
349932
349933
349934
349935
349936
349937
349938
349939
349940
349941
349950
349960
349970
349980
350000
350010
350020
350060
350070
350080
350090
350110
350130
350150
350210
350220
350230
350260
350270
350271
350280
350310
350330
350400
350460
350490
350500
350510
350520
350530
350550
350560
350600
350610
350620
350630
350640
350660
350680
350700
350710
350720
350740
350770
350780
350800
350810
350840
350870
350910
350970
350990
351020
351030
351050
351060
351070
351080
351090
351100
351140
351150
351170
351220
351230
351240
351250
351270
351280
351290
351300
351330
351340
351390
351400
351410
351420
351430
351450
351460
351461
351470
351480
351490
351510
351540
351570
351630
351640
351650
351670
351671
351672
351673
351674
351675
351676
351680
351700
351710
351720
351730
351740
351790
351800
351810
351820
351860
351870
351890
351900
351910
351920
351930
351940
351970
351990
352000
352010
352021
352030
352050
352070
352080
352111
352120
352130
352140
352150
352160
352170
352182
352183
352184
352185
352186
352187
352188
352189
352190
352200
352210
352220
352230
352240
352290
352336
352360
352370
352390
352391
352400
352430
352440
352450
352460
352520
352530
352560
352580
352590
352610
352620
352640
352680
352700
352710
352730
352740
352750
352760
352780
352790
352840
352850
352890
352900
352950
352960
352991
353000
353020
353050
353051
353052
353053
353060
353070
353090
353110
353130
353140
353190
353240
353260
353270
353280
353300
353320
353330
353340
353360
353370
353380
353390
353400
353430
353490
353520
353530
353540
353550
353560
353570
353571
353590
353600
353610
353620
353630
353640
353690
353700
353740
353741
353742
353760
353761
353770
353790
353820
353830
353850
353890
353930
353940
353970
353980
353990
354030
354040
354050
354110
354140
354160
354180
354190
354200
354230
354240
354260
354270
354280
354290
354300
354310
354320
354330
354331
354380
354400
354430
354464
354465
354466
354467
354468
354480
354500
354510
354520
354530
354540
354550
354560
354570
354600
354620
354640
354650
354680
354690
354720
354730
354740
354770
354810
354820
354850
354860
354890
354900
354910
354920
354930
354940
354950
354960
354970
355000
355010
355020
355030
355050
355060
355070
355080
355090
355100
355120
355130
355140
355150
355180
355190
355240
355250
355260
355262
355270
355290
355300
355310
355320
355340
355341
355350
355360
355380
355410
355420
355430
355440
355450
355500
355510
355520
355530
355550
355560
355570
355590
355630
355640
355641
355650
355660
355670
355690
355740
355760
355770
355800
355810
355820
355830
355840
355860
355870
355880
355900
355910
355920
355950
355960
355970
355980
356000
356010
356040
356050
356070
356090
356100
356110
356120
356121
356122
356123
356124
356130
356140
356160
356170
356180
356200
356210
356230
356231
356240
356250
356260
356270
356280
356290
356310
356330
356350
356370
356380
356390
356400
356420
356430
356440
356500
356510
356520
356530
356540
356550
356560
356570
356580
356630
356670
356710
356730
356770
356780
356790
356800
356810
356860
356870
356880
356890
356910
356940
356960
356970
357010
357030
357040
357070
357080
357090
357100
357110
357120
357170
357171
357180
357200
357240
357250
357260
357261
357262
357280
357290
357300
357310
357320
357330
357340
357350
357360
357370
357380
357400
357410
357440
357450
357460
357470
357480
357490
357600
357650
357670
357690
357700
357710
357711
357720
357730
357750
357760
357770
357780
357790
357800
357830
357840
357890
357900
357910
357920
357930
357940
357970
358000
358010
358020
358030
358070
358080
358090
358110
358120
358130
358140
358141
358142
358143
358144
358150
358190
358310
358460
358470
358490
358610
358650
358700
358750
358760
358770
358780
358800
358810
358830
358840
358870
358880
358950
358960
358970
359040
359050
359060
359070
359080
359090
359110
359120
359130
359140
359160
359180
359190
359220
359230
359250
359260
359280
359290
359300
359310
359320
359350
359370
359380
359390
359400
359410
359440
359450
359480
359490
359491
359492
359493
359494
359495
359496
359497
359500
359520
359521
359522
359530
359540
359550
359560
359570
359580
359600
359610
359620
359630
359650
359670
359760
359780
359781
359790
359800
359810
359840
359860
359870
359890
359900
359920
359930
359940
359950
359960
359980
360010
360020
360030
360040
360080
360090
360091
360092
360093
360094
360095
360096
360097
360098
360099
360110
360111
360112
360113
360114
360115
360120
360130
360140
360150
360170
360240
360250
360270
360280
360340
360350
360360
360380
360390
360420
360421
360422
360423
360424
360425
360426
360427
360428
360450
360510
360520
360530
360550
360560
360580
360590
360600
360620
360640
360650
360680
360720
360730
360740
360750
360760
360770
360790
360820
360840
360850
360870
360880
360890
360940
360950
360960
360990
361020
361040
361060
361070
361110
361130
361160
361181
361182
361190
361200
361210
361220
361250
361280
361290
361300
361310
361312
361313
361314
361320
361330
361350
361360
361380
361400
361420
361430
361440
361470
361500
361520
361540
361541
361542
361550
361560
361600
361620
361630
361640
361660
361670
361680
361690
361700
361710
361720
361730
361740
361750
361760
361770
361780
361800
361820
361830
361841
361842
361843
361850
361870
361880
361890
361930
361950
361970
361990
362010
362020
362030
362040
362050
362070
362090
362100
362110
362130
362140
362160
362180
362190
362200
362210
362220
362230
362240
362250
362260
362270
362280
362290
362310
362320
362340
362350
362360
362370
362380
362400
362410
362420
362440
362460
362490
362500
362520
362530
362540
362550
362560
362570
362580
362590
362610
362620
362630
362640
362641
362660
362680
362700
362710
362740
362750
362760
362780
362790
362800
362810
362820
362830
362850
362860
362870
362890
362900
362920
362930
362940
362950
362970
362980
363020
363030
363031
363040
363050
363060
363070
363090
363110
363130
363150
363180
363200
363220
363240
363270
363320
363330
363350
363351
363360
363370
363410
363420
363430
363440
363460
363480
363490
363500
363510
363520
363530
363550
363570
363580
363600
363610
363620
363630
363640
363650
363660
363670
363680
363690
363730
363731
363732
363740
363770
363780
363781
363790
363800
363810
363830
363890
363900
363920
363930
363940
363950
363960
363970
363980
363990
364020
364050
364060
364100
364110
364130
364170
364180
364190
364200
364210
364230
364240
364250
364260
364270
364300
364320
364321
364322
364323
364324
364325
364326
364327
364328
364329
364340
364350
364360
364370
364380
364390
364400
364410
364420
364450
364480
364510
364640
364660
364670
364690
364700
364710
364720
364750
364770
364790
364800
364810
364830
364840
364850
364880
364890
364900
364920
364930
364940
364960
364970
364980
365000
365020
365050
365060
365070
365080
365090
365110
365120
365140
365150
365160
365170
365190
365200
365210
365220
365240
365260
365270
365280
365290
365300
365310
365320
365330
365340
365350
365360
365400
365420
365430
365440
365450
365460
365470
365480
365490
365500
365510
365520
365530
365540
365560
365580
365590
365620
365630
365660
365670
365680
365720
365730
365750
365760
365770
365800
365810
365820
365840
365850
365860
365870
365880
365890
365900
365930
365960
365970
366000
366010
366040
366050
366060
366080
366100
366120
366121
366122
366130
366140
366160
366180
366190
366210
366220
366230
366250
366260
366270
366280
366290
366320
366330
366331
366350
366400
366410
366420
366430
366440
366450
366460
366480
366510
366530
366550
366570
366590
366600
366610
366620
366630
366640
366650
366660
366670
366680
366690
366700
366710
366730
366740
366760
366780
366800
366810
366820
366842
366843
366849
366860
366870
366890
366900
366910
366930
366960
366970
366990
367000
367010
367020
367030
367040
367050
367060
367080
367090
367110
367120
367140
367150
367160
367180
367190
367210
367220
367240
367250
367260
367270
367280
367290
367300
367330
367340
367350
367380
367410
367411
367412
367413
367414
367415
367430
367450
367480
367500
367550
367570
367580
367600
367640
367660
367670
367700
367710
367780
367800
367810
367820
367850
367890
367910
367930
367950
367990
368050
368060
368061
368080
368140
368150
368160
368180
368190
368220
368250
368290
368310
368320
368340
368350
368360
368370
368390
368400
368401
368410
368430
368440
368450
368470
368500
368510
368540
368550
368570
368590
368600
368610
368640
368650
368670
368680
368690
368700
368710
368720
368730
368740
368750
368760
368770
368780
368790
368800
368820
368830
368840
368860
368870
368880
368890
368900
368910
368920
368950
368960
368970
368980
368990
369000
369010
369030
369040
369050
369060
369070
369080
369100
369110
369120
369130
369131
369150
369180
369190
369200
369210
369230
369270
369280
369290
369300
369310
369320
369321
369322
369324
369325
369340
369350
369360
369370
369380
369390
369400
369410
369420
369430
369450
369460
369470
369490
369500
369501
369502
369503
369504
369505
369506
369507
369508
369509
369510
369511
369530
369550
369560
369570
369580
369610
369640
369650
369660
369670
369700
369710
369720
369730
369740
369760
369761
369762
369763
369764
369765
369766
369767
369768
369769
369770
369771
369772
369773
369774
369775
369776
369777
369778
369779
369780
369781
369782
369783
369784
369785
369786
369787
369788
369789
369790
369791
369792
369793
369794
369795
369796
369797
369798
369799
369800
369801
369802
369803
369804
369805
369806
369807
369808
369809
369810
369811
369812
369813
369814
369815
369816
369817
369818
369819
369820
369821
369822
369823
369824
369825
369826
369827
369828
369829
369840
369860
369890
369910
369920
369930
369940
369950
369960
369970
369980
369990
370001
370002
370003
370020
370040
370050
370060
370070
370080
370090
370100
370110
370130
370140
370150
370160
370170
370190
370200
370220
370230
370240
370270
370280
370300
370310
370340
370341
370360
370370
370390
370400
370401
370402
370430
370450
370460
370480
370490
370500
370510
370520
370530
370540
370550
370560
370570
370580
370590
370600
370640
370650
370670
370700
370710
370720
370730
370750
370770
370780
370810
370840
370880
370900
370910
370920
370940
370960
370970
371000
371010
371070
371100
371110
371120
371130
371180
371190
371200
371210
371220
371230
371240
371270
371280
371290
371300
371310
371320
371330
371350
371360
371370
371380
371390
371400
371410
371420
371430
371440
371450
371460
371470
371471
371472
371473
371490
371491
371492
371493
371500
371510
371520
371530
371550
371570
371620
371650
371660
371670
371690
371710
371740
371790
371800
371810
371850
371870
371880
371890
371900
371930
371960
371970
372000
372020
372030
372060
372070
372100
372140
372150
372160
372170
372180
372190
372200
372210
372250
372260
372270
372280
372300
372301
372310
372340
372350
372360
372380
372390
372400
372410
372430
372440
372470
372480
372490
372500
372510
372511
372512
372520
372540
372550
372560
372570
372580
372590
372650
372660
372670
372690
372700
372710
372720
372730
372740
372750
372770
372780
372800
372810
372820
372830
372860
372870
372890
372910
372920
372930
372940
372950
372960
372970
373000
373020
373090
373110
373120
373140
373150
373160
373170
373171
373180
373190
373200
373220
373240
373250
373280
373290
373330
373340
373350
373360
373370
373380
373390
373400
373410
373420
373440
373450
373460
373470
373480
373560
373590
373600
373610
373620
373630
373650
373670
373690
373720
373730
373740
373750
373770
373780
373800
373810
373820
373860
373870
373880
373890
373920
373940
373950
373951
373960
373970
373980
373990
374010
374030
374040
374050
374060
374080
374090
374100
374120
374130
374140
374150
374160
374170
374180
374210
374230
374240
374250
374260
374300
374301
374320
374360
374380
374390
374400
374410
374420
374430
374450
374500
374510
374530
374540
374570
374620
374630
374640
374660
374670
374680
374690
374750
374780
374800
374810
374820
374830
374840
374850
374851
374880
374890
374900
374950
374990
375000
375010
375020
375030
375040
375090
375120
375130
375140
375160
375170
375180
375190
375200
375210
375220
375230
375250
375290
375310
375320
375330
375340
375400
375420
375430
375450
375460
375480
375510
375520
375530
375550
375560
375580
375590
375600
375610
375620
375680
375710
375750
375760
375770
375790
375800
375820
375840
375850
375860
375870
375890
375900
375910
375930
375950
375960
375980
376110
376120
376130
376140
376150
376160
376190
376200
376210
376230
376240
376250
376280
376300
376310
376320
376350
376360
376370
376371
376372
376373
376390
376391
376410
376450
376520
376530
376550
376560
376570
376660
376680
376700
376730
376750
376760
376770
376780
376790
376800
376820
376860
376870
376880
376890
376910
376920
376930
376931
376932
376933
376934
376936
376938
376940
376941
376942
376943
376945
376946
376949
376950
376951
376952
376953
376956
376957
376959
376961
376964
376966
376980
376990
377020
377040
377050
377070
377080
377100
377120
377140
377150
377160
377170
377190
377200
377220
377250
377280
377290
377310
377330
377340
377350
377360
377420
377430
377440
377450
377460
377470
377480
377500
377520
377530
377540
377550
377560
377570
377590
377600
377640
377641
377660
377670
377680
377690
377710
377720
377730
377760
377770
377840
377860
377870
377880
377890
377900
377940
377970
377980
378020
378030
378040
378041
378061
378070
378080
378090
378100
378110
378120
378250
378260
378270
378280
378300
378330
378370
378380
378390
378400
378410
378420
378450
378470
378471
378472
378473
378474
378475
378476
378477
378478
378480
378490
378504
378505
378510
378530
378550
378551
378552
378570
378580
378590
378610
378620
378621
378630
378642
378643
378644
378645
378646
378647
378648
378649
378660
378700
378710
378720
378730
378731
378750
378770
378790
378800
378810
378830
378850
378890
378910
378930
379030
379040
379190
379191
379200
379210
379230
379231
379232
379233
379235
379240
379241
379242
379243
379250
379260
379270
379290
379310
379320
379340
379350
379370
379380
379390
379400
379420
379520
379530
379541
379542
379543
379544
379545
379546
379547
379548
379549
379550
379551
379552
379553
379554
379556
379557
379558
379559
379560
379561
379562
379563
379564
379565
379566
379567
379568
379570
379572
379575
379576
379577
379578
379579
379582
379583
379584
379585
379586
379587
379590
379600
379610
379620
379630
379640
379650
379670
379720
379730
379750
379760
379870
379960
379970
379980
379990
380000
380020
380050
380080
380100
380120
380140
380150
380170
380210
380220
380231
380360
380540
380550
380560
380570
380580
380600
380640
380660
380670
380690
380700
380710
380720
380740
380750
380770
380790
380800
380840
380860
380890
380900
380901
380910
380920
380930
380950
380970
380990
381010
381020
381050
381090
381100
381120
381130
381140
381150
381151
381152
381160
381161
381162
381170
381180
381190
381191
381200
381201
381210
381220
381240
381260
381290
381310
381320
381560
381590
381600
381610
381620
381640
381650
381671
381710
381711
381712
381713
381716
381750
381760
381770
381780
381790
381791
381792
381800
381810
381830
381840
381850
381870
381880
381900
381910
381940
381960
381970
381990
382050
382060
382070
382080
382090
382110
382120
382130
382140
382151
382160
382170
382180
382190
382200
382210
382220
382250
382260
382270
382300
382320
382350
382380
382390
382400
382410
382420
382460
382462
382464
382466
382467
382468
382469
382470
382480
382490
382500
382510
382570
382580
382620
382630
382640
382650
382660
382670
382680
382690
382700
382710
382720
382730
382740
382750
382760
382770
382780
382790
382850
382870
382880
382890
382900
382910
382920
382940
382950
382970
382990
383010
383020
383030
383050
383070
383080
383100
383120
383130
383140
383150
383180
383190
383230
383240
383250
383270
383320
383330
383370
383380
383400
383430
383450
383460
383470
383510
383520
383530
383540
383560
383570
383580
383590
383600
383610
383620
383630
383660
383670
383680
383690
383700
383710
383720
383730
383750
383780
383790
383800
383810
383860
383870
383900
383901
383902
383903
383904
383905
383906
383907
383908
383909
383910
383911
383920
383930
383950
383960
383970
383980
383990
384000
384010
384020
384021
384030
384040
384050
384060
384080
384090
384100
384110
384120
384140
384150
384170
384171
384180
384190
384210
384220
384221
384222
384223
384224
384225
384226
384227
384240
384270
384280
384300
384310
384320
384330
384340
384350
384360
384370
384380
384400
384410
384420
384480
384490
384500
384520
384530
384531
384532
384550
384560
384570
384590
384630
384650
384660
384670
384680
384690
384700
384710
384720
384730
384740
384750
384840
384890
384900
384910
384920
384930
384940
384950
384960
384980
384990
385020
385030
385060
385070
385080
385100
385130
385150
385160
385190
385200
385220
385230
385240
385250
385260
385270
385310
385330
385350
385360
385370
385380
385390
385400
385410
385420
385440
385460
385470
385490
385510
385511
385520
385530
385540
385560
385570
385580
385590
385600
385630
385640
385650
385660
385670
385680
385690
385700
385710
385721
385730
385770
385790
385800
385810
385820
385830
385860
385870
385880
385890
385900
385930
385950
385960
385970
385980
386000
386050
386070
386080
386090
386100
386110
386130
386140
386160
386180
386200
386260
386280
386290
386310
386320
386330
386340
386350
386360
386390
386400
386420
386460
386470
386480
386490
386500
386510
386520
386530
386540
386550
386560
386570
386580
386590
386600
386630
386640
386650
386690
386700
386710
386740
386750
386760
386780
386820
386840
386860
386870
386880
386890
386900
386910
386911
386913
386920
386930
386940
386990
387000
387010
387020
387040
387060
387070
387080
387090
387110
387120
387130
387140
387150
387160
387170
387230
387240
387270
387280
387290
387340
387370
387380
387400
387430
387440
387450
387460
387470
387480
387490
387500
387510
387520
387530
387540
387550
387560
387570
387580
387590
387600
387610
387620
387630
387640
387650
387660
387670
387680
387690
387700
387770
387780
387790
387800
387810
387820
387840
387850
387860
387870
387880
387890
387910
387920
387921
387930
387960
387970
387980
387981
387982
387983
387984
387990
388010
388020
388030
388050
388060
388070
388080
388090
388120
388160
388210
388260
388270
388280
388300
388310
388320
388340
388350
388360
388390
388410
388420
388430
388440
388450
388470
388472
388474
388475
388476
388479
388480
388490
388500
388520
388540
388550
388580
388600
388620
388660
388670
388680
388700
388710
388720
388730
388750
388790
388800
388810
388820
388830
388840
388870
388880
388900
388950
388970
388980
389010
389050
389090
389120
389150
389160
389170
389180
389190
389200
389220
389230
389240
389250
389270
389310
389400
389420
389421
389430
389440
389460
389470
389510
389530
389570
389610
389620
389630
389650
389670
389680
389690
389700
389720
389740
389750
389810
389830
389840
389850
389870
389900
389910
389911
389912
389913
389914
389915
389916
389917
389920
389921
389922
389930
389970
389990
390020
390030
390040
390060
390120
390180
390200
390210
390220
390290
390310
390320
390340
390360
390361
390362
390363
390364
390365
390366
390367
390368
390369
390370
390371
390372
390373
390374
390375
390376
390377
390378
390379
390380
390381
390382
390383
390384
390385
390386
390387
390388
390389
390390
390391
390392
390393
390394
390395
390396
390397
390398
390399
390400
390401
390402
390403
390404
390405
390406
390407
390408
390409
390410
390411
390412
390413
390414
390415
390416
390417
390418
390419
390420
390421
390422
390423
390424
390425
390426
390427
390428
390429
390430
390431
390432
390433
390434
390435
390436
390437
390438
390439
390440
390441
390442
390443
390444
390445
390446
390447
390448
390449
390450
390451
390452
390453
390454
390455
390456
390457
390458
390459
390460
390470
390480
390490
390510
390520
390570
390580
390610
390630
390640
390650
390651
390652
390653
390654
390655
390656
390657
390658
390659
390660
390670
390680
390690
390720
390730
390740
390750
390760
390800
390870
390880
390890
390910
390920
390930
390940
390970
390980
391000
391010
391030
391040
391050
391070
391080
391100
391120
391130
391160
391170
391180
391190
391210
391220
391240
391250
391260
391270
391280
391310
391340
391360
391370
391380
391390
391410
391420
391430
391431
391432
391433
391440
391450
391460
391470
391490
391510
391520
391540
391550
391570
391580
391590
391621
391630
391660
391680
391720
391730
391740
391780
391820
391830
391840
391860
391880
391900
391910
391930
391960
392000
392020
392030
392050
392060
392070
392080
392090
392100
392120
392150
392190
392260
392280
392300
392320
392370
392400
392420
392430
392440
392450
392470
392580
392600
392610
392620
392630
392640
392641
392642
392643
392644
392645
392646
392647
392660
392670
392680
392690
392700
392720
392730
392780
392810
392820
392830
392840
392860
392870
392880
392890
392900
392920
392930
392940
392950
392960
392970
393010
393020
393021
393022
393023
393024
393025
393026
393040
393041
393042
393043
393150
393170
393200
393240
393270
393280
393290
393320
393330
393340
393350
393360
393380
393390
393400
393410
393420
393430
393460
393480
393500
393510
393530
393540
393550
393560
393580
393600
393610
393630
393640
393650
393660
393690
393700
393710
393720
393730
393740
393750
393770
393820
393830
393831
393850
393860
393910
393920
393930
393950
393970
393980
393990
394010
394030
394040
394050
394080
394090
394120
394130
394140
394160
394190
394201
394220
394230
394250
394260
394270
394280
394290
394310
394320
394321
394340
394350
394360
394370
394380
394390
394400
394410
394420
394421
394423
394430
394450
394480
394490
394510
394540
394550
394560
394561
394600
394650
394680
394690
394700
394710
394720
394730
394740
394750
394760
394770
394790
394810
394811
394830
394840
394850
394870
394890
394900
394920
394930
394940
394950
394960
394970
394990
395020
395050
395051
395060
395070
395100
395140
395150
395160
395170
395180
395190
395200
395210
395230
395231
395232
395233
395234
395235
395236
395237
395238
395239
395250
395260
395270
395290
395300
395350
395380
395400
395410
395420
395440
395441
395450
395460
395480
395500
395510
395520
395530
395550
395560
395570
395580
395600
395640
395690
395700
395760
395850
395860
395880
395890
395900
395910
395920
395930
395950
395960
395970
395980
395990
396010
396030
396060
396090
396120
396130
396140
396160
396170
396171
396172
396173
396190
396230
396240
396250
396260
396290
396310
396320
396350
396360
396390
396400
396434
396435
396440
396450
396460
396470
396480
396490
396510
396520
396530
396540
396590
396610
396620
396630
396631
396632
396640
396650
396660
396680
396690
396700
396730
396750
396760
396780
396790
396800
396810
396820
396850
396860
396870
396890
396900
396910
396920
396930
396960
396990
397000
397010
397020
397030
397040
397050
397060
397090
397100
397120
397121
397122
397123
397124
397125
397126
397160
397170
397180
397190
397200
397210
397230
397240
397270
397310
397320
397330
397340
397350
397360
397370
397380
397381
397390
397400
397420
397430
397440
397460
397490
397500
397550
397570
397580
397620
397640
397660
397670
397680
397690
397700
397720
397740
397770
397780
397790
397800
397810
397820
397830
397840
397860
397870
397910
397920
397930
397940
397960
397970
397980
397990
398000
398020
398070
398100
398110
398150
398160
398170
398180
398210
398240
398250
398260
398280
398310
398330
398430
398440
398450
398460
398470
398471
398472
398473
398480
398520
398530
398600
398620
398630
398640
398670
398680
398710
398820
398830
398840
398850
398860
398890
398900
398911
398913
398920
398930
398940
398960
398970
398980
399000
399010
399020
399021
399040
399070
399090
399100
399110
399120
399130
399140
399180
399230
399240
399260
399270
399420
399430
399460
399520
399530
399550
399560
399570
399580
399600
399610
399640
399660
399670
399700
399730
399760
399780
399790
399820
399831
399833
399834
399836
399840
399860
399870
399880
399890
399900
399910
399920
400020
400030
400040
400110
400120
400130
400160
400170
400180
400200
400220
400230
400240
400250
400320
400330
400360
400370
400380
400400
400410
400420
400450
400470
400490
400500
400510
400551
400560
400580
400600
400630
400650
400660
400710
400720
400721
400740
400750
400760
400770
400780
400790
400800
400810
400820
400822
400840
400841
400842
400850
400880
400890
400891
400892
400893
400894
400895
400896
400897
400898
400899
400900
400901
400902
400903
400904
400905
400906
400907
400908
400909
400910
400920
400921
400922
400924
400925
400926
400927
400929
400930
400931
400932
400933
400934
400935
400936
400937
400938
400939
400940
400960
400961
400962
400963
400964
400965
400966
400967
400968
400969
400971
400972
400973
400974
400975
400976
400977
400978
400979
400980
400981
400982
400983
400984
400985
400986
400987
400988
400989
400990
400991
400992
400993
400994
400995
400998
400999
401000
401001
401002
401003
401004
401006
401008
401009
401010
401011
401012
401013
401014
401015
401016
401017
401018
401019
401020
401021
401022
401024
401025
401026
401028
401029
401030
401031
401032
401033
401034
401035
401036
401037
401038
401039
401040
401041
401042
401043
401044
401045
401046
401047
401048
401049
401050
401051
401052
401053
401054
401055
401056
401057
401058
401059
401060
401061
401062
401063
401064
401065
401066
401067
401068
401069
401070
401071
401072
401073
401074
401075
401076
401077
401078
401079
401080
401081
401082
401090
401120
401170
401190
401200
401210
401220
401250
401270
401280
401290
401300
401310
401320
401330
401350
401360
401380
401390
401391
401400
401420
401430
401440
401450
401460
401470
401490
401500
401510
401550
401560
401580
401590
401600
401626
401635
401640
401650
401660
401680
401690
401700
401740
401780
401810
401820
401840
401860
401890
401920
401980
401990
402000
402020
402030
402040
402050
402060
402120
402140
402141
402142
402143
402150
402160
402170
402180
402190
402210
402220
402230
402260
402280
402290
402300
402310
402330
402340
402350
402390
402410
402430
402450
402460
402530
402560
402570
402590
402591
402592
402593
402594
402595
402596
402597
402598
402599
402600
402601
402602
402603
402604
402605
402606
402607
402608
402609
402620
402630
402640
402650
402660
402670
402680
402690
402700
402730
402750
402800
402840
402850
402880
402890
402950
402970
402980
402990
403010
403020
403040
403050
403051
403060
403061
403062
403063
403070
403080
403090
403100
403120
403140
403150
403151
403152
403153
403170
403180
403190
403200
403210
403220
403230
403260
403270
403280
403290
403300
403320
403350
403351
403390
403400
403410
403430
403440
403450
403451
403452
403453
403454
403455
403456
403457
403460
403470
403480
403490
403500
403510
403520
403540
403550
403560
403570
403590
403660
403670
403680
403690
403700
403740
403750
403760
403761
403762
403763
403764
403765
403766
403767
403768
403769
403770
403780
403810
403830
403850
403860
403870
403880
403890
403900
403910
403940
403950
403970
403980
403990
404010
404011
404012
404013
404020
404030
404040
404050
404060
404080
404100
404110
404150
404170
404180
404190
404210
404211
404212
404213
404214
404215
404216
404217
404218
404219
404220
404230
404240
404250
404270
404280
404281
404282
404290
404300
404370
404390
404400
404410
404420
404430
404450
404460
404480
404510
404550
404570
404580
404610
404620
404630
404640
404650
404660
404670
404690
404700
404750
404760
404770
404790
404800
404810
404820
404840
404850
404860
404890
404910
404920
404930
404980
404981
404982
405000
405010
405032
405040
405050
405070
405080
405130
405170
405180
405210
405220
405230
405240
405260
405310
405350
405360
405370
405430
405440
405450
405460
405470
405500
405510
405511
405512
405513
405514
405520
405530
405540
405550
405590
405610
405640
405650
405660
405670
405680
405690
405700
405720
405730
405780
405810
405820
405860
405900
405920
405930
405940
405950
405960
405970
405980
406030
406040
406050
406060
406071
406072
406073
406076
406077
406078
406080
406090
406100
406110
406120
406130
406140
406150
406170
406190
406210
406220
406230
406240
406260
406280
406290
406300
406310
406340
406370
406400
406410
406420
406421
406422
406440
406460
406470
406480
406490
406500
406510
406520
406521
406540
406550
406560
406570
406580
406590
406600
406610
406620
406650
406660
406670
406690
406700
406720
406730
406760
406780
406820
406830
406840
406850
406870
406890
406920
406930
406940
406950
406960
406970
407000
407020
407040
407060
407070
407080
407100
407120
407140
407150
407190
407200
407210
407230
407250
407280
407290
407300
407320
407330
407340
407370
407380
407400
407420
407450
407451
407460
407474
407475
407510
407530
407560
407570
407600
407620
407680
407690
407700
407710
407720
407730
407750
407780
407800
407810
407820
407821
407822
407823
407830
407840
407880
407900
407920
407940
407960
407980
408000
408010
408050
408070
408100
408101
408102
408110
408120
408140
408150
408160
408170
408180
408210
408220
408240
408260
408270
408280
408300
408340
408360
408400
408430
408440
408450
408470
408510
408550
408580
408590
408600
408610
408640
408650
408660
408680
408690
408710
408730
408740
408750
408760
408770
408860
408880
408900
408920
408930
408940
408960
408980
408982
408983
408984
408990
409000
409040
409060
409070
409090
409100
409110
409111
409130
409150
409160
409170
409180
409190
409191
409192
409193
409194
409200
409201
409202
409203
409204
409210
409230
409240
409241
409250
409251
409252
409253
409254
409255
409256
409257
409280
409290
409310
409320
409330
409340
409360
409370
409380
409390
409410
409420
409430
409440
409450
409460
409470
409480
409490
409510
409530
409560
409580
409590
409600
409610
409630
409650
409651
409652
409653
409660
409670
409690
409730
409740
409750
409760
409870
409890
409910
409920
410030
410040
410050
410100
410110
410120
410130
410150
410210
410260
410280
410290
410320
410340
410370
410380
410410
410420
410430
410440
410450
410460
410470
410480
410490
410530
410531
410540
410550
410570
410590
410660
410670
410680
410710
410750
410760
410770
410780
410790
410800
410810
410820
410850
410890
410910
410920
410940
410970
410980
410990
411000
411010
411020
411030
411050
411060
411070
411080
411100
411110
411120
411130
411150
411180
411181
411182
411183
411184
411185
411186
411187
411188
411189
411190
411191
411192
411193
411194
411310
411320
411330
411340
411350
411370
411380
411390
411400
411401
411410
411420
411460
411470
411510
411520
411530
411550
411560
411570
411580
411590
411600
411610
411620
411630
411650
411680
411690
411720
411730
411740
411750
411760
411820
411830
411850
411860
411870
411910
411911
411960
412000
412010
412050
412080
412090
412130
412140
412150
412170
412230
412240
412241
412242
412243
412250
412270
412310
412352
412370
412380
412390
412400
412410
412430
412440
412450
412460
412470
412480
412490
412520
412530
412540
412550
412560
412580
412600
412630
412660
412670
412720
412730
412740
412770
412790
412830
412860
412870
412880
412900
412930
412940
412960
412970
412980
412990
413000
413001
413030
413050
413051
413052
413060
413070
413150
413160
413210
413220
413230
413330
413380
413390
413410
413420
413440
413460
413470
413480
413490
413500
413510
413540
413580
413590
413600
413610
413680
413700
413710
413720
413730
413740
413760
413790
413800
413801
413810
413811
413812
413813
413814
413815
413816
413817
413830
413840
413850
413851
413852
413853
413854
413855
413856
413857
413858
413859
413870
413890
413900
413910
413920
413930
413940
413950
413960
413970
413990
413991
414010
414030
414050
414060
414070
414080
414090
414100
414110
414120
414130
414150
414180
414190
414210
414240
414250
414260
414290
414310
414360
414370
414390
414470
414500
414510
414520
414580
414590
414600
414601
414602
414603
414610
414620
414640
414651
414660
414670
414671
414672
414673
414674
414675
414680
414700
414710
414720
414730
414750
414770
414780
414810
414830
414840
414850
414860
414861
414880
414890
414900
414901
414902
414920
414950
415000
415010
415030
415040
415080
415140
415150
415220
415221
415240
415270
415320
415330
415340
415350
415390
415400
415420
415430
415431
415440
415480
415490
415530
415540
415550
415560
415570
415580
415610
415670
415680
415700
415710
415720
415730
415740
415750
415760
415800
415830
415840
415850
415860
415870
415890
415910
415920
415950
415960
415980
415990
416030
416070
416080
416100
416110
416120
416130
416140
416160
416170
416180
416190
416200
416210
416220
416240
416260
416270
416290
416310
416320
416330
416340
416350
416360
416370
416380
416390
416400
416420
416421
416422
416424
416430
416440
416450
416480
416520
416530
416550
416560
416590
416610
416630
416640
416650
416670
416680
416690
416710
416711
416712
416713
416720
416750
416760
416770
416790
416800
416840
416850
416900
416920
416940
417020
417060
417080
417110
417150
417160
417190
417230
417260
417290
417300
417310
417350
417380
417390
417410
417420
417430
417461
417462
417463
417464
417465
417480
417520
417540
417550
417630
417640
417650
417720
417740
417750
417770
417820
417840
417850
417851
417860
417880
417890
417900
417910
417920
417980
417990
418000
418040
418050
418070
418080
418090
418110
418120
418140
418150
418160
418170
418180
418190
418200
418240
418250
418260
418280
418290
418300
418310
418320
418340
418350
418360
418380
418430
418440
418520
418580
418600
418610
418620
418640
418650
418670
418750
418810
418820
418840
418890
418910
418950
418960
418990
419000
419020
419040
419050
419060
419070
419080
419090
419110
419170
419180
419190
419200
419210
419220
419230
419240
419250
419290
419300
419310
419320
419330
419340
419350
419360
419400
419450
419460
419480
419500
419520
419550
419570
419580
419590
419600
419601
419602
419603
419604
419605
419610
419620
419640
419660
419810
419870
419880
419910
419951
419980
420000
420030
420050
420060
420070
420090
420100
420110
420160
420170
420210
420240
420250
420270
420300
420310
420320
420322
420340
420360
420380
420390
420410
420440
420450
420500
420530
420540
420550
420570
420610
420630
420640
420650
420670
420680
420690
420730
420731
420740
420770
420790
420810
420821
420822
420823
420824
420825
420826
420840
420850
420880
420890
420900
420910
420920
420930
420950
420970
421010
421030
421040
421050
421060
421100
421110
421120
421140
421160
421161
421162
421163
421164
421165
421166
421180
421200
421210
421220
421230
421240
421250
421260
421280
421290
421300
421310
421330
421340
421350
421360
421370
421380
421390
421400
421410
421420
421430
421440
421450
421460
421470
421480
421490
421500
421510
421520
421530
421540
421550
421560
421570
421580
421590
421600
421610
421620
421630
421640
421670
421700
421740
421760
421770
421771
421780
421800
421810
421830
421860
421870
421880
421890
421900
421910
421920
421940
421950
421960
422020
422030
422080
422100
422110
422120
422130
422140
422160
422170
422210
422220
422250
422270
422280
422290
422300
422400
422420
422470
422471
422472
422473
422474
422530
422540
422550
422580
422590
422610
422630
422640
422650
422670
422690
422691
422860
422900
422940
422970
422980
423010
423120
423130
423180
423220
423230
423240
423270
423310
423320
423330
423360
423361
423362
423363
423364
423365
423366
423367
423368
423369
423370
423440
423450
423460
423490
423550
423580
423600
423610
423620
423630
423650
423670
423700
423710
423720
423730
423740
423750
423760
423770
423780
423800
423810
423840
423850
423851
423852
423853
423880
423900
423920
423950
424000
424010
424020
424040
424060
424070
424100
424120
424170
424210
424220
424240
424250
424260
424280
424310
424320
424370
424590
424640
424750
424760
424780
424800
424830
424850
424860
424870
424880
424950
425010
425020
425030
425040
425060
425070
425090
425100
425110
425120
425130
425140
425141
425150
425160
425170
425180
425181
425182
425210
425220
425230
425270
425300
425310
425330
425340
425360
425370
425380
425410
425440
425500
425530
425540
425542
425544
425550
425560
425580
425600
425620
425630
425650
425670
425680
425681
425710
425720
425750
425760
425791
425820
425840
425860
425870
425900
425910
425920
425930
425940
425960
425980
425981
426000
426010
426040
426060
426080
426100
426110
426120
426170
426200
426220
426230
426240
426250
426270
426280
426281
426290
426321
426330
426340
426560
426590
426630
426650
426690
426700
426710
426720
426740
426741
426742
426743
426790
426860
426900
426920
426921
426922
426923
426924
426925
426926
426927
426928
426929
426930
426970
426990
426991
426992
426993
426994
426995
426996
426997
426998
426999
427000
427001
427002
427003
427004
427005
427006
427007
427008
427020
427030
427040
427090
427100
427240
427250
427270
427300
427310
427320
427350
427360
427370
427380
427390
427400
427470
427480
427510
427520
427550
427561
427570
427630
427640
427650
427660
427672
427673
427674
427675
427676
427677
427678
427679
427720
427730
427750
427760
427770
427780
427790
427810
427820
427860
427880
427890
427910
427930
427950
427970
427980
428010
428020
428030
428040
428050
428060
428080
428090
428100
428110
428130
428140
428180
428190
428200
428210
428220
428230
428240
428250
428260
428270
428280
428300
428310
428311
428312
428320
428340
428350
428370
428400
428410
428420
428430
428440
428460
428500
428501
428510
428520
428530
428540
428550
428560
428561
428562
428563
428564
428590
428600
428601
428602
428603
428604
428605
428630
428690
428710
428730
428740
428750
428760
428770
428780
428800
428810
428830
428870
428880
428890
428900
428930
428940
428950
428970
428980
429020
429040
429050
429060
429110
429120
429160
429200
429220
429250
429260
429280
429300
429310
429330
429350
429390
429430
429450
429460
429461
429462
429470
429490
429520
429530
429570
429580
429590
429600
429610
429620
429630
429670
429680
429690
429700
429710
429711
429720
429730
429760
429780
429790
429800
429810
429820
429830
429870
429871
429872
429890
429900
429901
429902
429903
429904
429905
429906
429907
429908
429920
429940
429950
429960
429990
430000
430020
430050
430060
430080
430090
430091
430110
430120
430170
430180
430181
430182
430190
430200
430220
430230
430240
430250
430260
430261
430280
430290
430300
430310
430311
430312
430313
430314
430318
430319
430320
430321
430322
430330
430341
430342
430343
430344
430345
430346
430347
430349
430350
430351
430370
430400
430430
430440
430930
430940
430960
431000
431050
431060
431180
431190
431191
431220
431230
431240
431250
431260
431270
431290
431300
431320
431330
431350
431360
431370
431390
431410
431420
431430
431450
431460
431470
431490
431500
431510
431540
431560
431590
431600
431610
431620
431621
431630
431640
431680
431710
431730
431740
431770
431780
431790
431800
431810
431820
431830
431840
431850
431860
431870
431910
431930
431980
431990
432010
432020
432030
432080
432100
432130
432150
432170
432180
432190
432230
432240
432250
432260
432280
432290
432310
432330
432380
432410
432440
432450
432470
432480
432490
432500
432510
432530
432540
432580
432590
432600
432610
432620
432630
432640
432650
432660
432670
432720
432760
432770
432780
432800
432810
432850
432870
432940
432950
432970
432980
432990
433000
433020
433021
433040
433080
433090
433091
433100
433110
433120
433130
433180
433190
433200
433210
433241
433242
433270
433280
433300
433320
433340
433350
433360
433380
433390
433400
433420
433430
433450
433460
433480
433490
433520
433530
433570
433580
433590
433600
433630
433640
433650
433670
433700
433710
433730
433740
433741
433742
433743
433744
433745
433746
433747
433750
433780
433790
433800
433830
433840
433850
433860
433890
433910
433920
433930
433950
433960
434000
434010
434020
434030
434040
434041
434060
434061
434062
434064
434070
434080
434090
434110
434120
434130
434140
434150
434180
434210
434220
434230
434240
434250
434260
434270
434290
434310
434340
434350
434360
434370
434380
434390
434400
434410
434420
434430
434460
434480
434490
434500
434520
434530
434540
434550
434570
434600
434610
434620
434630
434631
434632
434633
434640
434650
434680
434700
434730
434740
434760
434780
434790
434800
434820
434860
434870
434880
434890
434901
434910
434920
434930
434940
434941
434942
434943
434944
434950
434960
434970
434980
435010
435030
435040
435050
435060
435070
435080
435090
435111
435120
435130
435140
435150
435170
435171
435172
435173
435174
435175
435176
435177
435190
435200
435210
435220
435230
435240
435250
435260
435300
435360
435380
435390
435410
435420
435440
435450
435460
435480
435490
435510
435519
435520
435530
435550
435570
435600
435740
435750
435760
435770
435780
435790
435800
435820
435840
435881
435910
435960
435961
435963
435970
436000
436030
436040
436050
436060
436080
436081
436082
436090
436110
436120
436121
436130
436140
436150
436160
436170
436190
436220
436230
436240
436250
436251
436260
436270
436280
436300
436310
436320
436360
436390
436410
436420
436430
436450
436460
436470
436480
436490
436500
436510
436520
436530
436550
436560
436570
436571
436572
436573
436574
436575
436576
436577
436578
436579
436580
436581
436582
436583
436584
436585
436586
436587
436588
436589
436590
436591
436592
436593
436594
436595
436596
436597
436598
436599
436600
436601
436602
436603
436604
436605
436606
436607
436608
436609
436610
436611
436612
436613
436614
436615
436616
436617
436618
436619
436620
436621
436622
436623
436624
436625
436626
436627
436628
436629
436630
436631
436632
436633
436634
436635
436636
436637
436638
436639
436640
436641
436642
436643
436644
436645
436646
436647
436648
436649
436650
436651
436652
436653
436654
436655
436656
436657
436658
436659
436660
436661
436662
436663
436664
436665
436666
436667
436668
436669
436680
436700
436710
436720
436730
436790
436800
436810
436820
436860
436870
436880
436910
436940
436950
436990
437000
437020
437030
437050
437060
437070
437080
437090
437100
437110
437140
437150
437160
437170
437180
437220
437230
437231
437300
437301
437302
437303
437340
437380
437390
437400
437420
437430
437510
437520
437530
437560
437570
437580
437590
437620
437640
437641
437642
437660
437700
437701
437702
437710
437740
437750
437790
437860
437870
437880
437890
437900
437920
437930
437940
437950
437960
437970
437980
437990
438000
438010
438020
438030
438040
438050
438060
438061
438062
438070
438071
438080
438090
438110
438120
438130
438140
438150
438160
438170
438180
438220
438230
438240
438250
438260
438270
438300
438310
438330
438340
438350
438360
438380
438390
438430
438440
438450
438480
438490
438560
438590
438600
438640
438650
438660
438680
438690
438710
438720
438730
438740
438780
438790
438810
438820
438831
438840
438850
438860
438870
438904
438906
438910
438920
438940
438980
439190
439241
439250
439260
439310
439330
439390
439440
439450
439470
439500
439501
439510
439530
439540
439541
439550
439660
439680
439690
439700
439710
439720
439730
439740
439750
439760
439770
439780
439860
439880
439890
439900
439910
439920
439930
439940
439950
439960
439993
439994
439995
440020
440030
440040
440050
440090
440100
440130
440140
440150
440160
440260
440280
440330
440340
440350
440360
440370
440380
440390
440410
440430
440431
440432
440433
440434
440435
440436
440437
440438
440470
440500
440520
440530
440540
440550
440630
440650
440690
440720
440730
440740
440750
440760
440770
440790
440800
440810
440820
440860
440870
440880
440914
440930
440950
440960
440980
441020
441040
441050
441060
441230
441240
441260
441270
441280
441290
441300
441301
441340
441350
441380
441420
441430
441440
441450
441480
441490
441510
441540
441550
441560
441600
441610
441630
441640
441670
441680
441690
441700
441710
441720
441730
441750
441760
441770
441780
441781
441782
441790
441810
441830
441850
441870
441910
441920
441940
441950
441960
441990
442000
442010
442020
442050
442051
442052
442070
442080
442090
442100
442101
442110
442140
442190
442210
442220
442260
442280
442290
442310
442500
442510
442690
442710
442720
442760
442770
442790
442810
442820
442830
442860
442890
443020
443070
443080
443100
443202
443205
443230
443250
443260
443270
443300
443330
443360
443370
443380
443390
443400
443420
443430
443440
443450
443460
443470
443530
443550
443570
443580
443620
443630
443640
443650
443660
443670
443680
443690
443691
443700
443710
443720
443730
443740
443750
443770
443780
443790
443800
443810
443830
443850
443860
443900
443910
443940
443970
443980
444000
444020
444030
444031
444032
444040
444130
444140
444160
444180
444190
444210
444220
444240
444250
444260
444270
444280
444290
444320
444330
444350
444390
444410
444420
444430
444440
444460
444480
444520
444530
444540
444550
444560
444580
444590
444620
444640
444650
444660
444670
444680
444690
444710
444720
444740
444750
444760
444770
444780
444790
444800
444820
444830
444860
444870
444880
444890
444910
444930
444940
444950
444970
444980
444990
445020
445040
445050
445070
445080
445110
445130
445140
445170
445200
445210
445230
445260
445261
445262
445310
445321
445330
445340
445341
445350
445380
445420
445430
445440
445450
445460
445470
445471
445472
445473
445474
445475
445476
445477
445478
445479
445481
445482
445483
445484
445485
445500
445501
445502
445510
445511
445512
445513
445530
445550
445600
445680
445690
445710
445750
445770
445780
445790
445840
445860
445880
445890
445920
445930
445931
445990
446000
446010
446020
446040
446050
446070
446080
446100
446120
446240
446250
446310
446320
446330
446340
446350
446360
446361
446362
446363
446364
446365
446366
446367
446368
446369
446380
446390
446430
446440
446450
446460
446470
446480
446490
446510
446520
446560
446570
446590
446620
446640
446750
446760
446770
446780
446790
446800
446830
446860
446870
446880
446882
446890
446900
446910
446980
446990
447000
447010
447020
447080
447100
447170
447180
447190
447200
447240
447250
447270
447300
447310
447330
447340
447410
447440
447480
447490
447500
447510
447530
447540
447570
447690
447740
447780
447800
447820
447840
447850
447860
447870
447880
447890
447940
447960
447970
447980
447990
448000
448010
448020
448050
448060
448070
448080
448090
448100
448110
448130
448140
448150
448160
448210
448211
448230
448240
448250
448260
448270
448280
448300
448310
448320
448350
448370
448380
448400
448440
448460
448470
448480
448500
448510
448520
448530
448540
448560
448570
448580
448610
448620
448630
448640
448650
448660
448670
448680
448710
448720
448730
448750
448760
448780
448790
448810
448820
448830
448870
448880
448910
448940
448980
449000
449020
449040
449050
449060
449080
449090
449120
449130
449140
449150
449170
449180
449200
449210
449220
449240
449250
449300
449310
449320
449330
449340
449350
449360
449370
449390
449391
449392
449393
449394
449400
449420
449440
449470
449480
449500
449520
449530
449540
449550
449560
449570
449600
449601
449602
449603
449604
449605
449630
449670
449671
449680
449690
449710
449720
449730
449760
449770
449780
449800
449820
449830
449940
449950
449960
449980
449981
449990
450020
450030
450040
450050
450060
450070
450080
450090
450091
450092
450093
450094
450095
450096
450097
450098
450099
450100
450110
450120
450130
450140
450150
450190
450220
450240
450250
450290
450340
450341
450342
450350
450390
450470
450480
450500
450510
450530
450540
450550
450570
450590
450600
450650
450660
450670
450700
450710
450730
450740
450750
450780
450790
450810
450811
450812
450830
450840
450850
450870
450880
450881
450890
450960
451000
451010
451030
451040
451050
451080
451100
451110
451130
451140
451160
451180
451200
451210
451230
451241
451290
451330
451350
451380
451400
451430
451440
451442
451443
451464
451520
451560
451570
451600
451640
451650
451670
451680
451690
451700
451710
451730
451760
451800
451810
451820
451830
451840
451870
451880
451890
451900
451920
451990
452000
452050
452060
452120
452180
452201
452220
452240
452250
452251
452280
452320
452340
452420
452440
452450
452470
452490
452510
452520
452640
452650
452700
452710
452770
452771
452780
452850
452860
452890
452900
452920
452930
452940
452950
452960
452970
452980
452981
452982
453020
453030
453060
453090
453100
453130
453160
453170
453190
453200
453210
453250
453260
453270
453280
453290
453300
453320
453330
453340
453350
453360
453370
453380
453390
453400
453440
453450
453460
453510
453590
453620
453640
453650
453660
453670
453680
453700
453710
453720
453730
453740
453750
453760
453770
453790
453800
453810
453820
453830
453840
453850
453880
453890
453910
453950
453960
453980
453990
454000
454010
454030
454040
454060
454070
454080
454100
454110
454130
454150
454160
454170
454180
454190
454200
454220
454230
454250
454260
454280
454300
454320
454330
454340
454360
454380
454390
454410
454420
454430
454450
454460
454480
454490
454510
454520
454530
454540
454550
454560
454570
454590
454600
454610
454630
454640
454660
454670
454690
454700
454720
454730
454740
454760
454780
454790
454791
454800
454810
454830
454870
454890
454900
454920
454930
454950
454960
454970
454980
455000
455030
455080
455110
455120
455160
455170
455200
455220
455222
455223
455224
455230
455250
455270
455280
455320
455330
455340
455370
455400
455440
455451
455460
455470
455490
455510
455520
455521
455530
455560
455561
455562
455570
455572
455590
455610
455611
455612
455620
455630
455640
455660
455670
455710
455720
455740
455750
455770
455810
455900
455910
455920
455940
455950
455960
455970
455980
455990
456020
456030
456040
456050
456100
456110
456120
456130
456160
456200
456210
456220
456230
456231
456250
456280
456290
456370
456400
456420
456430
456440
456450
456470
456480
456510
456540
456560
456570
456590
456600
456630
456640
456660
456690
456720
456730
456780
456800
456801
456802
456810
456830
456880
456890
456891
456910
456960
456980
457000
457010
457040
457070
457080
457082
457083
457084
457086
457087
457088
457090
457100
457120
457161
457180
457195
457196
457197
457198
457199
457201
457210
457220
457221
457222
457223
457224
457230
457320
457340
457350
457390
457420
457430
457440
457450
457470
457480
457490
457520
457530
457550
457560
457570
457580
457600
457610
457620
457650
457660
457670
457680
457690
457710
457730
457770
457790
457800
457810
457820
457840
457841
457842
457860
457870
457930
457940
457960
457980
457990
458000
458010
458030
458060
458080
458100
458110
458120
458160
458170
458200
458230
458250
458260
458270
458280
458290
458300
458310
458320
458330
458370
458380
458400
458420
458445
458450
458470
458480
458510
458520
458530
458560
458590
458640
458670
458680
458700
458710
458730
458740
458750
458790
458800
458810
458820
458830
458840
458841
458860
458870
458880
458890
458900
458910
458920
458930
458970
458990
459020
459040
459070
459090
459100
459110
459120
459130
459160
459170
459240
459260
459280
459290
459310
459320
459330
459350
459360
459361
459363
459380
459440
459450
459460
459470
459480
459490
459500
459520
459540
459560
459580
459630
459660
459680
459740
459741
459742
459743
459744
459750
459790
459820
459851
459852
459853
459870
459890
459900
459910
459940
460010
460030
460120
460150
460160
460190
460220
460230
460240
460260
460340
460390
460420
460450
460560
460580
460590
460640
460650
460660
460690
460700
460710
460730
460740
460750
460780
460830
460840
460880
460890
460910
460940
460960
460970
460980
460990
461010
461020
461030
461040
461050
461060
461090
461110
461120
461130
461140
461180
461190
461200
461210
461230
461240
461241
461242
461243
461244
461245
461246
461247
461250
461280
461300
461330
461360
461380
461390
461400
461410
461440
461470
461480
461490
461500
461520
461560
461570
461580
461600
461610
461640
461650
461660
461680
461690
461700
461710
461720
461740
461750
461760
461780
461800
461820
461830
461840
461850
461860
461880
461890
461900
461910
461930
461931
461932
461933
461934
461935
461940
461950
461970
462000
462030
462050
462060
462070
462081
462083
462084
462087
462100
462110
462130
462140
462150
462170
462210
462211
462212
462213
462220
462260
462280
462310
462351
462360
462370
462390
462391
462400
462460
462480
462520
462530
462550
462570
462580
462610
462611
462620
462660
462680
462700
462730
462740
462830
462860
462880
462910
462920
462930
462950
462960
462990
463000
463010
463020
463030
463040
463050
463060
463070
463080
463090
463100
463110
463120
463130
463140
463150
463160
463180
463190
463200
463210
463220
463240
463250
463270
463290
463310
463320
463330
463350
463360
463390
463400
463430
463440
463450
463460
463490
463510
463520
463550
463590
463600
463610
463680
463710
463720
463740
463750
463760
463780
463800
463810
463830
463850
463860
463870
463900
463901
463902
463903
463904
463920
463930
463950
463980
463990
464040
464050
464060
464080
464100
464110
464120
464130
464140
464160
464180
464190
464200
464201
464202
464203
464204
464205
464206
464210
464220
464230
464240
464250
464270
464290
464330
464340
464350
464360
464380
464390
464440
464460
464470
464490
464510
464511
464512
464513
464520
464521
464522
464523
464524
464525
464540
464550
464560
464580
464590
464591
464610
464620
464630
464640
464670
464680
464681
464690
464700
464720
464730
464760
464780
464790
464800
464810
464820
464830
464840
464860
464880
464900
464930
464940
464960
464970
464980
465000
465020
465050
465060
465070
465090
465120
465130
465170
465180
465190
465210
465220
465230
465240
465280
465310
465320
465340
465360
465400
465410
465420
465430
465450
465460
465470
465480
465490
465510
465530
465540
465550
465560
465570
465600
465610
465630
465670
465691
465720
465730
465750
465760
465780
465830
465831
465832
465833
465834
465840
465860
465890
465900
465920
465930
465940
465950
465960
465970
465980
465990
466000
466010
466020
466030
466040
466050
466060
466070
466080
466100
466110
466170
466200
466210
466250
466280
466290
466350
466360
466380
466390
466420
466430
466440
466490
466500
466510
466530
466540
466541
466542
466544
466548
466560
466580
466590
466710
466720
466730
466770
466780
466790
466800
466820
466830
466840
466870
466880
466890
466910
466920
466930
466960
466970
466980
467000
467010
467030
467031
467032
467033
467034
467035
467036
467037
467038
467039
467040
467041
467042
467043
467044
467045
467046
467047
467048
467049
467050
467051
467070
467090
467120
467170
467210
467220
467300
467310
467320
467330
467340
467350
467370
467380
467390
467430
467460
467480
467500
467510
467516
467520
467530
467540
467560
467600
467620
467760
467770
467780
467790
467820
467850
467870
467890
467900
467910
467930
467940
467950
467960
467970
467980
467990
468010
468040
468060
468070
468080
468100
468130
468150
468170
468180
468190
468240
468280
468310
468320
468360
468410
468420
468430
468460
468490
468510
468520
468530
468550
468560
468570
468580
468600
468610
468650
468680
468690
468700
468725
468726
468727
468729
468730
468731
468740
468750
468780
468790
468800
468820
468890
468900
468930
469520
469530
469540
469560
469600
469620
469650
469670
469680
469710
469730
469740
469750
469810
469850
469880
469890
469900
469910
469920
469940
469980
469990
470000
470030
470040
470060
470070
470080
470130
470140
470150
470151
470160
470200
470230
470240
470250
470260
470270
470280
470290
470291
470292
470320
470330
470340
470360
470440
470450
470480
470490
470500
470570
470590
470600
470610
470670
470690
470691
470750
470760
470770
470780
470800
470870
470890
471160
471170
471220
471240
471250
471260
471270
471310
471320
471350
471380
471390
471410
471450
471570
471580
471630
471640
471650
471710
471720
471730
471740
471741
471750
471760
471770
471800
471890
471891
471893
471894
471895
471896
471897
471898
471899
471900
471910
471920
472060
472070
472350
472490
472630
472670
472671
472680
472720
472740
472750
472770
472810
472811
472830
472841
472850
472870
473050
473090
473100
473110
473120
473140
473410
473420
473430
473440
473441
473442
473443
473444
473445
473446
473447
473450
473460
473470
473480
473490
473510
473520
473560
473580
473590
473600
473610
473620
473630
473640
473650
473660
473670
473710
473720
473730
473770
473790
473800
473810
473840
473850
473870
473871
473910
473920
473970
473980
474010
474030
474050
474210
474230
474240
474260
474620
474720
474730
474750
474770
474780
474790
474802
474820
474850
474860
474870
474880
474890
474910
474930
474960
474980
475010
475050
475060
475080
475090
475100
475110
475150
475180
475210
475220
475230
475240
475280
475330
475350
475420
475430
475450
475460
475470
475490
475520
475550
475620
475630
475960
475990
476010
476030
476040
476041
476050
476051
476052
476240
476250
476350
476351
476352
476370
476390
476391
476392
476410
476440
476450
476460
476470
476490
476500
476510
476520
476561
476650
476690
476700
476710
476860
476861
476862
476863
476864
476865
476866
476867
476868
476869
476870
476871
476880
476910
476920
476930
476940
477000
477010
477040
477050
477130
477160
477170
477180
477200
477240
477260
477270
477290
477310
477720
477730
477750
477760
477770
477780
477781
477790
477800
477810
477820
477821
477830
477840
477910
477940
477941
477942
477950
477980
477990
478010
478020
478030
478031
478032
478033
478034
478035
478036
478037
478038
478039
478040
478041
478042
478043
478044
478045
478046
478047
478048
478049
478050
478051
478052
478053
478054
478055
478056
478057
478058
478200
478210
478300
478301
478950
478960
478970
478980
478990
479000
479010
479020
479040
479060
479061
479100
479110
479120
479130
479140
479150
479170
479180
479220
479230
479260
479270
479310
479330
480410
480470
480480
480500
480560
480580
480590
480593
480594
480595
480600
480630
480631
480690
480720
480721
480722
480780
480900
481090
481110
481120
481121
481122
481170
481171
481172
481180
481360
481420
481490
481750
481870
481900
481910
481930
481940
481950
482120
482210
482220
482221
482222
482223
482224
482300
482330
482340
482370
482390
482410
482420
482440
482460
482540
482550
482560
482570
482580
482610
482620
482630
482640
482650
482660
482670
482680
482690
482700
482710
482720
482730
482750
482890
482920
482990
483260
483280
483300
483450
483670
483680
483790
483800
483820
483830
483840
483950
483960
483970
484340
484350
484820
484840
484850
484860
484870
484890
484910
484920
484930
484940
484950
485000
485010
485020
485040
485050
485070
485080
485090
485100
485110
485130
485140
485141
485142
485143
485144
485145
485146
485150
485160
485170
485180
485190
485200
485210
485220
485230
485240
485260
485270
485280
485290
485300
485301
485302
485310
485330
485340
485350
485360
485370
485380
485390
485410
485440
485450
485490
485500
485560
485570
485590
485600
485620
485630
485640
485660
485690
485700
485710
485720
485730
485740
485750
485760
485780
485800
485810
485820
485830
485840
485860
485870
485880
485890
485900
485920
485950
485960
485970
485980
485990
486000
486001
486002
486003
486040
486110
486130
486150
486170
486190
486200
486210
486220
486230
486270
486290
486300
486340
486350
486360
486420
486470
486480
486490
486500
486510
486520
486530
486560
486570
486630
486640
486650
486660
486720
486760
486770
486780
486810
486820
486840
486850
486880
486960
486970
487010
487020
487030
487050
487130
487160
487180
487210
487220
487240
487250
487270
487280
487300
487320
487330
487370
487380
487390
487410
487420
487430
487470
487480
487490
487520
487530
487540
487550
487560
487570
487580
487590
487600
487610
487620
487630
487700
487740
487770
488010
488050
488070
488110
488130
488140
488150
488170
488190
488200
488210
488220
488250
488260
488280
488310
488320
488330
488340
488350
488360
488460
488470
488500
488510
488520
488530
488550
488560
488580
488590
488620
488630
488640
488650
488660
488680
488700
488720
488750
488760
488800
488810
488811
488812
488820
488821
488822
488823
488824
488850
488890
488930
488960
488970
488990
488991
488992
489000
489010
489020
489030
489050
489070
489090
489100
489160
489170
489180
489200
489220
489250
489300
489330
489350
489360
489380
489400
489410
489450
489460
489470
489490
489500
489530
489580
489590
489610
489620
489660
489670
489700
489730
489740
489750
489780
489810
489830
489890
489900
489910
489920
489930
489950
489970
489971
489972
489973
489974
489975
489976
489977
489978
489990
490070
490071
490072
490073
490074
490075
490076
490090
490100
490130
490160
490170
490180
490230
490240
490250
490260
490300
490310
490320
490330
490380
490390
490410
490411
490412
490430
490480
490490
490520
490530
490540
490550
490560
490570
490580
490590
490600
490610
490620
490630
490640
490650
490660
490670
490680
490700
490710
490720
490730
490740
490750
490760
490770
490780
490790
490800
490810
490820
490830
490860
490880
490890
490940
490950
490980
490990
491000
491030
491040
491070
491080
491090
491100
491110
491130
491160
491170
491210
491220
491230
491240
491250
491260
491290
491300
491310
491320
491330
491340
491380
491390
491400
491401
491402
491403
491410
491460
491470
491480
491490
491499
491500
491510
491520
491550
491560
491570
491580
491600
491610
491611
491612
491613
491620
491650
491680
491710
491720
491730
491740
491780
491840
491940
491950
491960
491970
491980
491990
492000
492010
492020
492030
492040
492050
492060
492080
492130
492140
492160
492170
492200
492220
492240
492250
492260
492270
492280
492320
492330
492331
492340
492370
492380
492390
492391
492392
492420
492430
492470
492480
492490
492510
492530
492560
492580
492581
492590
492600
492610
492620
492630
492640
492660
492670
492680
492700
492710
492740
492750
492790
492800
492830
492850
492870
492890
492891
492892
492940
492941
492942
492943
492944
492945
492946
492947
492948
492949
492950
492951
492952
492953
492954
492955
492956
492957
492958
492959
492960
492961
492962
492963
492964
492965
492966
492967
493000
493040
493060
493070
493100
493110
493130
493150
493160
493190
493210
493230
493240
493280
493290
493300
493301
493310
493330
493340
493370
493380
493400
493410
493420
493430
493440
493500
493530
493560
493580
493600
493610
493620
493630
493640
493650
493670
493720
493730
493760
493770
493780
493810
493850
493860
493910
493920
493940
493950
494000
494020
494074
494080
494110
494120
494140
494150
494220
494270
494290
494300
494310
494350
494370
494380
494390
494391
494392
494400
494410
494420
494440
494450
494460
494470
494480
494510
494524
494530
494550
494570
494580
494630
494650
494660
494680
494710
494740
494780
494790
494810
494830
494850
494860
494881
494882
494883
494900
494950
494970
494980
494990
495010
495030
495060
495090
495100
495110
495200
495230
495270
495300
495310
495320
495330
495350
495360
495361
495370
495371
495380
495390
495400
495460
495470
495480
495510
495540
495550
495580
495590
495700
495720
495730
495770
495780
495790
495830
495880
495890
495900
495910
495920
495930
495960
495980
496010
496030
496070
496080
496090
496100
496101
496160
496180
496220
496230
496240
496250
496260
496300
496310
496320
496330
496350
496360
496380
496390
496400
496410
496430
496431
496432
496460
496470
496480
496490
496500
496510
496520
496530
496550
496590
496600
496610
496620
496630
496640
496650
496670
496680
496710
496720
496730
496750
496760
496800
496850
496870
496890
496900
496910
496920
496940
496950
496980
496990
497000
497010
497040
497050
497060
497090
497150
497160
497170
497180
497260
497270
497290
497300
497330
497350
497360
497380
497400
497430
497440
497460
497470
497480
497490
497520
497521
497540
497580
497590
497600
497611
497620
497630
497660
497670
497680
497690
497700
497710
497720
497740
497750
497760
497770
497790
497810
497811
497812
497813
497820
497850
497860
497880
497910
497930
497940
497970
497990
498010
498030
498040
498050
498060
498110
498190
498210
498220
498221
498222
498223
498230
498240
498250
498260
498270
498280
498290
498300
498330
498360
498380
498400
498410
498420
498450
498470
498510
498520
498550
498560
498570
498580
498600
498620
498640
498660
498700
498730
498770
498790
498810
498811
498830
498870
498880
498890
498900
498910
498930
498940
498950
498960
498970
498980
499010
499070
499100
499110
499120
499130
499140
499150
499160
499200
499220
499221
499230
499280
499320
499330
499340
499360
499370
499390
499400
499420
499440
499460
499500
499520
499540
499550
499570
499571
499572
499573
499580
499590
499610
499620
499670
499690
499700
499710
499720
499730
499740
499750
499760
499860
499870
499880
499900
499910
499930
499940
499960
500100
500110
500120
500140
500160
500190
500220
500250
500280
500310
500330
500350
500360
500370
500380
500390
500391
500392
500400
500490
500500
500510
500530
500540
500550
500570
500580
500590
500620
500660
500680
500700
500710
500750
500760
500770
500780
500790
500800
500810
500830
500840
500850
500860
500870
500880
500890
500910
500920
500930
500970
500980
501000
501030
501040
501050
501060
501090
501110
501120
501130
501150
501151
501170
501172
501180
501190
501200
501220
501230
501240
501250
501260
501280
501290
501310
501360
501380
501420
501430
501440
501450
501460
501490
501500
501510
501570
501580
501670
501690
501720
501730
501740
501760
501800
501820
501830
501840
501860
501880
501890
501900
501920
501940
501970
501990
502090
502120
502140
502150
502210
502230
502240
502260
502310
502320
502370
502380
502400
502410
502420
502440
502450
502490
502510
502550
502560
502580
502590
502600
502610
502620
502630
502710
502740
502750
502770
502790
502810
502830
502841
502850
502870
502880
502890
502891
502900
502910
502930
502940
502960
502980
503000
503010
503020
503040
503050
503060
503070
503080
503090
503100
503110
503130
503140
503150
503160
503180
503220
503250
503260
503290
503300
503310
503320
503340
503380
503390
503410
503420
503440
503450
503460
503470
503480
503500
503530
503560
503670
503680
503690
503710
503720
503760
503790
503810
503820
503830
503880
503890
503900
503960
503980
503990
504010
504070
504100
504120
504170
504200
504220
504260
504280
504350
504360
504370
504400
504420
504490
504500
504510
504520
504590
504610
504620
504630
504640
504670
504700
504710
504720
504740
504750
504770
504800
504840
504850
504870
504880
504960
504970
504980
505040
505060
505100
505130
505140
505150
505210
505240
505260
505340
505410
505420
505440
505470
505510
505660
505670
505680
505720
505760
505790
505890
506030
506100
506120
506140
506160
506180
506280
506350
506470
506500
506570
506590
506600
506610
506620
506660
506670
506720
506730
506750
506770
506780
506830
506840
506850
506860
506870
506910
506920
506960
507020
507040
507050
507080
507130
507140
507180
507210
507270
507290
507310
507360
507380
507390
507530
507540
507570
507580
507590
507591
507592
507593
507594
507620
507630
507640
507641
507642
507643
507760
507770
507860
507900
507901
507930
507931
507980
507990
508000
508010
508020
508150
508170
508180
508220
508270
508271
508280
508290
508330
508340
508380
508420
508430
508470
508490
508510
508540
508550
508580
508590
508600
508610
508670
508680
508730
508780
508790
508820
508830
508840
508860
508890
508920
508950
508960
508990
509020
509030
509031
509032
509050
509060
509070
509110
509120
509140
509160
509170
509200
509220
509230
509240
509290
509310
509340
509350
509360
509390
509410
509430
509440
509500
509520
509521
509522
509540
509570
509800
509810
509830
509840
509850
509860
509900
509910
509930
509960
510040
510050
510070
510080
510100
510110
510120
510130
510160
510180
510200
510220
510250
510280
510310
510380
510400
510410
510450
510470
510530
510600
510610
510660
510700
510710
510720
510740
510750
510780
510790
510800
510830
510840
510930
510950
510960
510990
511000
511010
511070
511110
511120
511140
511160
511170
511200
511230
511240
511300
511301
511310
511320
511330
511340
511360
511370
511380
511420
511450
511570
511600
511610
511630
511640
511650
511730
511800
511820
511830
511850
511880
511930
511940
511950
511970
512080
512090
512110
512140
512190
512220
512230
512240
512250
512300
512340
512350
512360
512380
512400
512450
512470
512500
512540
512550
512560
512600
512620
512621
512622
512630
512640
512670
512710
512740
512750
512770
512810
512820
512830
512840
512850
512860
512870
512880
512910
512911
512912
512913
512940
512950
512970
512990
513000
513010
513040
513050
513060
513140
513150
513200
513230
513240
513260
513270
513280
513340
513360
513420
513430
513440
513580
513670
513720
513730
513740
513770
513790
513810
513860
513880
513930
513960
513970
513980
513990
514050
514160
514170
514180
514200
514220
514240
514290
514320
514350
514370
514410
514450
514470
514480
514490
514520
514550
514590
514640
514650
514690
514700
514720
514730
514740
514750
514760
514770
514820
514970
515000
515020
515190
515200
515240
515280
515300
515570
515680
515690
515710
515800
515880
515900
515910
515990
516040
516090
516100
516230
516320
516340
516350
516450
516460
516490
516500
516510
516550
516560
516590
516610
516620
516621
516622
516650
516660
516670
516700
516810
516830
516840
516850
516870
516910
516920
516940
516990
517000
517020
517050
517060
517160
517170
517230
517240
517290
517291
517292
517320
517370
517390
517410
517450
517550
517700
517710
517730
517750
517751
517752
517760
517761
517762
517790
517810
517910
517930
518020
518030
518040
518070
518080
518140
518230
518320
518370
518620
518630
518670
518680
519040
519050
519100
519140
519160
519170
519180
519210
519211
519212
519213
519214
519215
519216
519217
519218
519219
519220
519230
519240
519250
519380
519390
519420
519430
519470
519471
519472
519510
519511
519512
519513
519514
519520
519521
519522
519550
519560
519561
519562
519563
519564
519565
519566
519567
519568
519569
519570
519571
519572
519573
519574
519575
519576
519577
519578
519580
519581
519582
519583
519584
519585
519586
519587
519588
519589
519590
519600
519601
519602
519603
519604
519605
519606
519607
519608
519609
519610
519611
519612
519620
519621
519622
519623
519624
519625
519626
519627
519628
519629
519630
519631
519632
519633
519634
519640
519641
519642
519643
519644
519645
519646
519647
519648
519649
519650
519651
519652
519653
519654
519655
519670
519671
519672
519673
519674
519675
519676
519677
519678
519679
519680
519681
519682
519683
519684
519685
519686
519687
519688
519689
519690
519691
519692
519693
519694
519695
519696
519697
519698
519700
519701
519702
519703
519704
519705
519706
519707
519708
519709
519710
519711
519712
519713
519714
519715
519720
519721
519722
519723
519724
519725
519726
519727
519728
519729
519730
519731
519732
519733
519734
519735
519736
519737
519738
519740
519741
519742
519743
519744
519745
519746
519747
519748
519749
519750
519751
519752
519753
519754
519755
519756
519760
519761
519762
519763
519764
519765
519766
519767
519768
519769
519770
519780
519781
519782
519783
519784
519785
519786
519787
519788
519789
519790
519791
519800
519801
519802
519803
519804
519805
519806
519807
519808
519809
519810
519820
519821
519822
519823
519824
519825
519826
519827
519828
519829
519830
519831
519832
519833
519834
519835
519836
519840
519841
519842
519843
519844
519845
519846
519847
519848
519849
519850
519851
519852
519853
519854
519855
519856
519857
519858
519910
519940
519950
520030
520150
520160
520190
520250
520260
520290
520310
520320
520340
520430
520500
520740
520820
520830
520871
520900
521000
521010
521070
521100
521160
521200
521210
521330
521430
521450
521470
521540
521570
521600
521630
521840
521920
521970
522000
522030
522040
522050
522333
522334
522335
522570
522600
522620
522630
522680
522700
522830
522990
523050
523080
523260
523300
523301
523380
523410
523480
523481
523482
523483
523484
523485
523486
523487
523488
523489
523490
523560
523570
523590
523670
523690
523750
523790
523820
523821
523840
523910
523920
523950
524000
524190
524210
524340
524360
524420
524990
525640
